# oST version 5.0 parameters


[image]

width
400

height
400

[narrow_stereo]

camera matrix
273.063008 0.000000 217.831577
0.000000 273.001006 210.267391
0.000000 0.000000 1.000000

distortion
-0.151188 -0.001945 -0.001443 0.001961 0.000000

rectification
1.000000 0.000000 0.000000
0.000000 1.000000 0.000000
0.000000 0.000000 1.000000

projection
242.693176 0.000000 223.954487 0.000000
0.000000 244.076965 211.755260 0.000000
0.000000 0.000000 1.000000 0.000000
